processors	tasks assigned
10	71
20	103
30	127
40	147
50	164
60	179
70	194
80	209
90	220
100	230
110	240
120	250
130	260
140	270
150	280
160	290
170	300
180	310
190	320
200	329
210	334
220	339
230	344
240	349
250	354
260	359
270	364
280	369
290	374
300	379
310	384
320	389
330	394
340	399
350	404
360	409
370	414
380	419
390	424
400	429
410	434
420	439
430	444
440	449
450	454
460	459
470	464
480	469
490	474
500	479
510	484
520	489
530	494
540	499
550	504
560	509
570	514
580	519
590	524
600	529
610	534
620	539
630	544
640	549
650	554
660	559
670	564
680	569
690	574
700	579
710	584
720	589
730	594
740	599
750	604
760	609
770	614
780	619
790	624
800	629
810	634
820	639
830	644
840	649
850	654
860	659
870	664
880	669
890	674
900	679
910	684
920	689
930	694
940	699
950	704
960	709
970	714
980	719
990	724
1000	729
