processors	tasks assigned
10	54
20	78
30	103
40	118
50	131
60	147
70	158
80	167
90	179
100	188
110	197
120	209
130	216
140	222
150	230
160	236
170	242
180	250
190	256
200	262
210	270
220	276
230	282
240	290
250	296
260	302
270	310
280	316
290	322
300	329
310	332
320	335
330	339
340	342
350	345
360	349
370	352
380	355
390	359
400	362
410	365
420	369
430	372
440	375
450	379
460	382
470	385
480	389
490	392
500	395
510	399
520	402
530	405
540	409
550	412
560	415
570	419
580	422
590	425
600	429
610	432
620	435
630	439
640	442
650	445
660	449
670	452
680	455
690	459
700	462
710	465
720	469
730	472
740	475
750	479
760	482
770	485
780	489
790	492
800	495
810	499
820	502
830	505
840	509
850	512
860	515
870	519
880	522
890	525
900	529
910	532
920	535
930	539
940	542
950	545
960	549
970	552
980	555
990	559
1000	562
