1000
1 90 0.011111
1 90 0.011111
1 67 0.014925
1 67 0.014925
1 55 0.018182
1 53 0.018868
1 50 0.020000
1 48 0.020833
2 94 0.021277
2 92 0.021739
2 91 0.021978
2 79 0.025316
2 76 0.026316
2 75 0.026667
1 35 0.028571
2 68 0.029412
3 86 0.034884
3 81 0.037037
4 98 0.040816
4 95 0.042105
4 95 0.042105
4 89 0.044944
3 65 0.046154
3 62 0.048387
5 99 0.050505
5 88 0.056818
5 88 0.056818
5 86 0.058140
5 84 0.059524
3 50 0.060000
5 81 0.061728
1 16 0.062500
2 31 0.064516
6 92 0.065217
6 87 0.068966
5 72 0.069444
3 42 0.071429
4 56 0.071429
2 27 0.074074
7 94 0.074468
4 53 0.075472
4 52 0.076923
5 64 0.078125
8 98 0.081633
7 84 0.083333
4 46 0.086957
7 80 0.087500
6 68 0.088235
5 56 0.089286
9 100 0.090000
4 44 0.090909
4 43 0.093023
9 95 0.094737
5 52 0.096154
3 31 0.096774
10 100 0.100000
8 79 0.101266
8 78 0.102564
7 68 0.102941
8 76 0.105263
5 46 0.108696
11 100 0.110000
9 81 0.111111
3 27 0.111111
10 89 0.112360
8 71 0.112676
11 94 0.117021
5 42 0.119048
12 100 0.120000
4 33 0.121212
12 99 0.121212
12 96 0.125000
6 47 0.127660
11 85 0.129412
12 91 0.131868
13 98 0.132653
8 60 0.133333
6 45 0.133333
6 45 0.133333
11 82 0.134146
9 67 0.134328
12 89 0.134831
12 87 0.137931
4 29 0.137931
10 71 0.140845
5 35 0.142857
12 84 0.142857
13 89 0.146067
14 93 0.150538
4 26 0.153846
13 84 0.154762
11 71 0.154930
14 90 0.155556
5 32 0.156250
8 51 0.156863
11 70 0.157143
15 94 0.159574
8 50 0.160000
16 99 0.161616
14 86 0.162791
13 79 0.164557
11 66 0.166667
2 12 0.166667
4 24 0.166667
13 78 0.166667
7 41 0.170732
13 76 0.171053
12 70 0.171429
17 99 0.171717
13 73 0.178082
10 56 0.178571
17 95 0.178947
17 94 0.180851
16 88 0.181818
4 22 0.181818
16 87 0.183908
5 27 0.185185
11 59 0.186441
18 96 0.187500
5 26 0.192308
8 41 0.195122
9 46 0.195652
19 96 0.197917
5 25 0.200000
20 99 0.202020
18 89 0.202247
18 89 0.202247
13 64 0.203125
10 48 0.208333
20 95 0.210526
8 38 0.210526
18 85 0.211765
15 70 0.214286
18 84 0.214286
15 70 0.214286
18 83 0.216867
20 92 0.217391
5 23 0.217391
19 85 0.223529
15 67 0.223881
22 96 0.229167
20 87 0.229885
19 82 0.231707
19 82 0.231707
23 99 0.232323
22 94 0.234043
12 51 0.235294
5 21 0.238095
22 92 0.239130
17 71 0.239437
12 50 0.240000
18 75 0.240000
9 37 0.243243
22 89 0.247191
18 72 0.250000
9 36 0.250000
23 91 0.252747
19 74 0.256757
11 42 0.261905
11 42 0.261905
16 61 0.262295
26 99 0.262626
10 38 0.263158
24 90 0.266667
25 93 0.268817
21 77 0.272727
23 84 0.273810
24 87 0.275862
23 83 0.277108
22 79 0.278481
14 50 0.280000
16 57 0.280702
25 89 0.280899
11 39 0.282051
19 67 0.283582
27 95 0.284211
27 95 0.284211
14 49 0.285714
18 63 0.285714
22 77 0.285714
14 49 0.285714
16 56 0.285714
18 63 0.285714
28 97 0.288660
25 86 0.290698
26 89 0.292135
17 58 0.293103
10 34 0.294118
8 27 0.296296
28 94 0.297872
20 67 0.298507
23 77 0.298701
29 97 0.298969
15 50 0.300000
19 63 0.301587
20 66 0.303030
28 92 0.304348
26 85 0.305882
30 97 0.309278
28 90 0.311111
28 89 0.314607
28 89 0.314607
13 41 0.317073
15 47 0.319149
28 87 0.321839
19 59 0.322034
23 71 0.323944
24 74 0.324324
32 98 0.326531
19 58 0.327586
28 85 0.329412
33 100 0.330000
33 100 0.330000
17 51 0.333333
33 98 0.336735
29 86 0.337209
28 82 0.341463
13 38 0.342105
33 96 0.343750
17 49 0.346939
34 98 0.346939
26 74 0.351351
26 74 0.351351
25 71 0.352113
35 99 0.353535
29 82 0.353659
17 48 0.354167
34 96 0.354167
34 96 0.354167
30 84 0.357143
29 81 0.358025
8 22 0.363636
21 57 0.368421
27 73 0.369863
10 27 0.370370
33 89 0.370787
27 72 0.375000
27 72 0.375000
14 37 0.378378
25 66 0.378788
33 87 0.379310
16 42 0.380952
20 52 0.384615
30 78 0.384615
22 57 0.385965
36 93 0.387097
38 97 0.391753
29 74 0.391892
33 84 0.392857
26 66 0.393939
34 86 0.395349
31 78 0.397436
37 93 0.397849
8 20 0.400000
14 35 0.400000
39 96 0.406250
40 98 0.408163
23 56 0.410714
23 56 0.410714
28 68 0.411765
35 85 0.411765
39 94 0.414894
35 84 0.416667
40 96 0.416667
8 19 0.421053
32 76 0.421053
8 19 0.421053
39 92 0.423913
39 92 0.423913
28 66 0.424242
20 47 0.425532
23 54 0.425926
42 98 0.428571
37 86 0.430233
28 65 0.430769
35 81 0.432099
39 90 0.433333
40 92 0.434783
10 23 0.434783
21 48 0.437500
32 73 0.438356
33 75 0.440000
37 84 0.440476
35 79 0.443038
32 72 0.444444
44 99 0.444444
16 36 0.444444
32 72 0.444444
41 92 0.445652
29 65 0.446154
30 67 0.447761
38 84 0.452381
43 95 0.452632
45 99 0.454545
20 44 0.454545
45 99 0.454545
26 57 0.456140
43 94 0.457447
43 94 0.457447
11 24 0.458333
39 85 0.458824
28 61 0.459016
45 98 0.459184
24 52 0.461538
32 69 0.463768
45 97 0.463918
26 56 0.464286
26 56 0.464286
41 88 0.465909
42 90 0.466667
43 92 0.467391
22 47 0.468085
38 81 0.469136
47 99 0.474747
38 80 0.475000
39 82 0.475610
48 100 0.480000
42 86 0.488372
46 94 0.489362
46 94 0.489362
33 67 0.492537
39 79 0.493671
44 89 0.494382
46 93 0.494624
47 95 0.494737
48 96 0.500000
36 72 0.500000
42 84 0.500000
48 95 0.505263
39 77 0.506494
38 75 0.506667
33 65 0.507692
32 63 0.507937
29 57 0.508772
26 51 0.509804
51 100 0.510000
45 88 0.511364
42 82 0.512195
20 39 0.512821
19 37 0.513514
48 93 0.516129
46 89 0.516854
45 87 0.517241
28 54 0.518519
26 50 0.520000
51 98 0.520408
49 94 0.521277
49 94 0.521277
51 97 0.525773
30 57 0.526316
18 34 0.529412
50 94 0.531915
41 77 0.532468
46 86 0.534884
46 86 0.534884
15 28 0.535714
42 78 0.538462
49 91 0.538462
34 63 0.539683
54 100 0.540000
38 70 0.542857
18 33 0.545455
50 91 0.549451
32 58 0.551724
37 67 0.552239
52 94 0.553191
55 99 0.555556
39 70 0.557143
29 52 0.557692
53 95 0.557895
47 84 0.559524
37 66 0.560606
54 96 0.562500
49 87 0.563218
53 94 0.563830
35 62 0.564516
43 76 0.565789
30 53 0.566038
17 30 0.566667
38 67 0.567164
38 67 0.567164
37 65 0.569231
45 79 0.569620
57 100 0.570000
48 84 0.571429
52 91 0.571429
40 70 0.571429
40 70 0.571429
50 87 0.574713
45 78 0.576923
56 97 0.577320
41 71 0.577465
33 57 0.578947
22 38 0.578947
33 57 0.578947
36 62 0.580645
36 62 0.580645
39 67 0.582090
53 91 0.582418
42 72 0.583333
41 70 0.585714
44 75 0.586667
47 80 0.587500
57 97 0.587629
57 97 0.587629
50 85 0.588235
53 90 0.588889
56 95 0.589474
56 95 0.589474
49 83 0.590361
29 49 0.591837
45 76 0.592105
16 27 0.592593
56 94 0.595745
55 92 0.597826
45 75 0.600000
48 80 0.600000
21 35 0.600000
50 83 0.602410
32 53 0.603774
23 38 0.605263
43 71 0.605634
17 28 0.607143
42 69 0.608696
39 64 0.609375
50 82 0.609756
61 100 0.610000
11 18 0.611111
46 75 0.613333
35 57 0.614035
59 96 0.614583
56 91 0.615385
50 81 0.617284
21 34 0.617647
42 68 0.617647
39 63 0.619048
44 71 0.619718
46 74 0.621622
43 69 0.623188
60 96 0.625000
5 8 0.625000
40 64 0.625000
52 83 0.626506
42 67 0.626866
58 92 0.630435
40 63 0.634921
40 63 0.634921
63 99 0.636364
63 99 0.636364
49 77 0.636364
62 97 0.639175
9 14 0.642857
18 28 0.642857
49 76 0.644737
40 62 0.645161
22 34 0.647059
33 51 0.647059
48 74 0.648649
50 77 0.649351
63 97 0.649485
26 40 0.650000
52 80 0.650000
52 80 0.650000
54 83 0.650602
60 92 0.652174
62 95 0.652632
17 26 0.653846
61 93 0.655914
42 64 0.656250
46 70 0.657143
23 35 0.657143
64 96 0.666667
18 27 0.666667
65 97 0.670103
63 94 0.670213
35 52 0.673077
33 49 0.673469
33 49 0.673469
48 71 0.676056
61 90 0.677778
55 81 0.679012
55 81 0.679012
66 97 0.680412
62 91 0.681319
60 88 0.681818
65 95 0.684211
62 90 0.688889
27 39 0.692308
18 26 0.692308
43 62 0.693548
66 95 0.694737
46 66 0.696970
46 66 0.696970
53 76 0.697368
30 43 0.697674
44 63 0.698413
70 100 0.700000
7 10 0.700000
49 70 0.700000
66 94 0.702128
52 74 0.702703
24 34 0.705882
41 58 0.706897
70 99 0.707071
58 82 0.707317
63 89 0.707865
63 89 0.707865
66 93 0.709677
42 59 0.711864
70 98 0.714286
20 28 0.714286
10 14 0.714286
20 28 0.714286
68 95 0.715789
53 74 0.716216
72 100 0.720000
72 100 0.720000
72 100 0.720000
49 68 0.720588
34 47 0.723404
42 58 0.724138
21 29 0.724138
50 69 0.724638
66 91 0.725275
53 73 0.726027
40 55 0.727273
67 92 0.728261
67 92 0.728261
43 59 0.728814
62 85 0.729412
49 67 0.731343
61 83 0.734940
61 83 0.734940
64 87 0.735632
56 76 0.736842
62 84 0.738095
48 65 0.738462
48 65 0.738462
65 88 0.738636
71 96 0.739583
71 96 0.739583
57 77 0.740260
55 74 0.743243
55 74 0.743243
29 39 0.743590
67 90 0.744444
35 47 0.744681
47 63 0.746032
65 87 0.747126
71 95 0.747368
75 100 0.750000
63 84 0.750000
64 85 0.752941
43 57 0.754386
74 98 0.755102
34 45 0.755556
31 41 0.756098
56 74 0.756757
75 99 0.757576
25 33 0.757576
66 87 0.758621
41 54 0.759259
67 88 0.761364
64 84 0.761905
59 77 0.766234
73 95 0.768421
10 13 0.769231
67 87 0.770115
37 48 0.770833
68 88 0.772727
66 85 0.776471
63 81 0.777778
75 96 0.781250
51 65 0.784615
22 28 0.785714
77 98 0.785714
48 61 0.786885
48 61 0.786885
26 33 0.787879
56 71 0.788732
56 71 0.788732
60 76 0.789474
75 95 0.789474
15 19 0.789474
79 100 0.790000
64 81 0.790123
68 86 0.790698
34 43 0.790698
72 91 0.791209
38 48 0.791667
46 58 0.793103
23 29 0.793103
58 73 0.794521
70 88 0.795455
70 88 0.795455
67 84 0.797619
71 89 0.797753
71 89 0.797753
76 95 0.800000
64 80 0.800000
40 50 0.800000
77 96 0.802083
73 91 0.802198
65 81 0.802469
61 76 0.802632
57 71 0.802817
62 77 0.805195
58 72 0.805556
71 88 0.806818
59 73 0.808219
76 94 0.808511
76 94 0.808511
76 94 0.808511
34 42 0.809524
81 100 0.810000
81 100 0.810000
56 69 0.811594
69 85 0.811765
70 86 0.813953
57 70 0.814286
44 54 0.814815
75 92 0.815217
53 65 0.815385
62 76 0.815789
62 76 0.815789
80 98 0.816327
67 82 0.817073
81 99 0.818182
81 99 0.818182
63 77 0.818182
36 44 0.818182
59 72 0.819444
59 72 0.819444
70 85 0.823529
14 17 0.823529
14 17 0.823529
75 91 0.824176
81 98 0.826531
81 98 0.826531
81 98 0.826531
67 81 0.827160
77 93 0.827957
58 70 0.828571
29 35 0.828571
78 94 0.829787
44 53 0.830189
59 71 0.830986
74 89 0.831461
45 54 0.833333
40 48 0.833333
60 72 0.833333
10 12 0.833333
76 91 0.835165
57 68 0.838235
57 68 0.838235
83 99 0.838384
83 99 0.838384
84 100 0.840000
79 94 0.840426
69 82 0.841463
80 95 0.842105
59 70 0.842857
71 84 0.845238
77 91 0.846154
83 98 0.846939
83 98 0.846939
72 85 0.847059
73 86 0.848837
79 93 0.849462
17 20 0.850000
17 20 0.850000
74 87 0.850575
63 74 0.851351
81 95 0.852632
64 75 0.853333
70 82 0.853659
70 82 0.853659
76 89 0.853933
83 97 0.855670
83 97 0.855670
72 84 0.857143
72 84 0.857143
42 49 0.857143
86 100 0.860000
81 94 0.861702
44 51 0.862745
82 95 0.863158
32 37 0.864865
77 89 0.865169
77 89 0.865169
45 52 0.865385
84 97 0.865979
13 15 0.866667
85 98 0.867347
79 91 0.868132
79 91 0.868132
86 99 0.868687
80 92 0.869565
80 92 0.869565
87 100 0.870000
87 100 0.870000
74 85 0.870588
81 93 0.870968
81 93 0.870968
68 78 0.871795
82 94 0.872340
64 73 0.876712
86 98 0.877551
87 99 0.878788
87 99 0.878788
80 91 0.879121
51 58 0.879310
88 100 0.880000
67 76 0.881579
45 51 0.882353
53 60 0.883333
76 86 0.883721
61 69 0.884058
84 95 0.884211
84 95 0.884211
69 78 0.884615
62 70 0.885714
62 70 0.885714
79 89 0.887640
72 81 0.888889
56 63 0.888889
88 99 0.888889
88 99 0.888889
88 99 0.888889
82 92 0.891304
82 92 0.891304
74 83 0.891566
66 74 0.891892
58 65 0.892308
75 84 0.892857
84 94 0.893617
77 86 0.895349
52 58 0.896552
35 39 0.897436
79 88 0.897727
89 99 0.898990
36 40 0.900000
72 80 0.900000
90 100 0.900000
82 91 0.901099
37 41 0.902439
84 93 0.903226
56 62 0.903226
84 93 0.903226
75 83 0.903614
47 52 0.903846
47 52 0.903846
85 94 0.904255
57 63 0.904762
86 95 0.905263
87 96 0.906250
87 96 0.906250
68 75 0.906667
78 86 0.906977
88 97 0.907216
79 87 0.908046
89 98 0.908163
90 99 0.909091
90 99 0.909091
91 100 0.910000
81 89 0.910112
62 68 0.911765
83 91 0.912088
84 92 0.913043
63 69 0.913043
53 58 0.913793
85 93 0.913978
85 93 0.913978
86 94 0.914894
65 71 0.915493
77 84 0.916667
77 84 0.916667
89 97 0.917526
56 61 0.918033
90 98 0.918367
80 87 0.919540
46 50 0.920000
69 75 0.920000
81 88 0.920455
70 76 0.921053
47 51 0.921569
84 91 0.923077
84 91 0.923077
61 66 0.924242
86 93 0.924731
74 80 0.925000
87 94 0.925532
87 94 0.925532
25 27 0.925926
89 96 0.927083
89 96 0.927083
78 84 0.928571
91 98 0.928571
91 98 0.928571
66 71 0.929577
27 29 0.931034
71 76 0.934211
72 77 0.935065
58 62 0.935484
87 93 0.935484
73 78 0.935897
88 94 0.936170
89 95 0.936842
75 80 0.937500
15 16 0.937500
75 80 0.937500
75 80 0.937500
61 65 0.938462
92 98 0.938776
92 98 0.938776
92 98 0.938776
46 49 0.938776
94 100 0.940000
94 100 0.940000
79 84 0.940476
81 86 0.941860
83 88 0.943182
86 91 0.945055
69 73 0.945205
52 55 0.945455
52 55 0.945455
87 92 0.945652
35 37 0.945946
71 75 0.946667
89 94 0.946809
89 94 0.946809
90 95 0.947368
91 96 0.947917
92 97 0.948454
37 39 0.948718
93 98 0.948980
75 79 0.949367
94 99 0.949495
94 99 0.949495
95 100 0.950000
95 100 0.950000
95 100 0.950000
77 81 0.950617
79 83 0.951807
60 63 0.952381
80 84 0.952381
62 65 0.953846
83 87 0.954023
65 68 0.955882
87 91 0.956044
44 46 0.956522
91 95 0.957895
92 96 0.958333
46 48 0.958333
93 97 0.958763
95 99 0.959596
95 99 0.959596
95 99 0.959596
96 100 0.960000
96 100 0.960000
96 100 0.960000
24 25 0.960000
72 75 0.960000
54 56 0.964286
56 58 0.965517
86 89 0.966292
87 90 0.966667
89 92 0.967391
90 93 0.967742
91 94 0.968085
92 95 0.968421
92 95 0.968421
62 64 0.968750
93 96 0.968750
95 98 0.969388
32 33 0.969697
97 100 0.970000
97 100 0.970000
97 100 0.970000
73 75 0.973333
74 76 0.973684
37 38 0.973684
77 79 0.974684
78 80 0.975000
40 41 0.975610
81 83 0.975904
81 83 0.975904
82 84 0.976190
83 85 0.976471
85 87 0.977011
87 89 0.977528
87 89 0.977528
92 94 0.978723
92 94 0.978723
92 94 0.978723
93 95 0.978947
93 95 0.978947
94 96 0.979167
95 97 0.979381
95 97 0.979381
95 97 0.979381
95 97 0.979381
96 98 0.979592
96 98 0.979592
96 98 0.979592
48 49 0.979592
48 49 0.979592
97 99 0.979798
97 99 0.979798
97 99 0.979798
98 100 0.980000
51 52 0.980769
58 59 0.983051
59 60 0.983333
59 60 0.983333
60 61 0.983607
64 65 0.984615
66 67 0.985075
68 69 0.985507
68 69 0.985507
70 71 0.985915
79 80 0.987500
81 82 0.987805
82 83 0.987952
84 85 0.988235
84 85 0.988235
85 86 0.988372
85 86 0.988372
86 87 0.988506
86 87 0.988506
87 88 0.988636
89 90 0.988889
91 92 0.989130
91 92 0.989130
91 92 0.989130
93 94 0.989362
94 95 0.989474
97 98 0.989796
97 98 0.989796
97 98 0.989796
97 98 0.989796
97 98 0.989796
97 98 0.989796
98 99 0.989899
98 99 0.989899
99 100 0.990000
99 100 0.990000
99 100 0.990000
99 100 0.990000
99 100 0.990000
99 100 0.990000
99 100 0.990000
100 100 1.000000
100 100 1.000000
96 96 1.000000
72 72 1.000000
100 100 1.000000
99 99 1.000000
100 100 1.000000
67 67 1.000000
78 78 1.000000
96 96 1.000000
88 88 1.000000
81 81 1.000000
33 33 1.000000
99 99 1.000000
16 16 1.000000
96 96 1.000000
67 67 1.000000
86 86 1.000000
84 84 1.000000
76 76 1.000000
76 76 1.000000
96 96 1.000000
96 96 1.000000
100 100 1.000000
99 99 1.000000
100 100 1.000000
67 67 1.000000
1 1 1.000000
100 100 1.000000
5 5 1.000000
94 94 1.000000
90 90 1.000000
63 63 1.000000
98 98 1.000000
95 95 1.000000
77 77 1.000000
99 99 1.000000
97 97 1.000000
99 99 1.000000
100 100 1.000000
100 100 1.000000
100 100 1.000000
92 92 1.000000
77 77 1.000000
98 98 1.000000
81 81 1.000000
100 100 1.000000
96 96 1.000000
